127.0422835
37.5163931
127.0851508
37.4882978
127.0462683
37.4929296
127.1573794
37.5534484
127.1255532
37.5293107
127.1481606
37.5306340
127.0387953
37.6323588
126.8682874
37.5496464
126.8362668
37.5572629
126.9514847
37.4781549
126.9325692
37.4841536
127.0823750
37.5386170
127.0650883
37.5402069
127.0718276
37.5403764
126.8892945
37.5001593
126.8848701
37.4920520
126.8664159
37.4996715
126.8955105
37.4568644
126.9005836
37.4556869
127.0564730
37.6543580
127.0699355
37.6364794
127.0631233
37.6485282
127.0389254
37.6579935
127.0396500
37.5745240
127.0518520
37.5941195
127.0653066
37.5879909
127.0313410
37.5753681
127.0497296
37.5843076
126.9410080
37.5045502
126.9239058
37.4934414
126.9014910
37.5663245
126.9362855
37.5786240
126.9408265
37.5623446
127.0325980
37.4835690
127.0051154
37.5009444
127.0689282
37.4557936
127.0332301
37.5670735
127.0441339
37.5596569
127.0656645
37.5484242
127.0395493
37.6026849
127.0263537
37.5870165
127.1059186
37.5145636
127.1079350
37.5265762
127.1235090
37.4963836
126.8658999
37.5175447
126.8331531
37.5120195
126.8862379
37.5362859
126.8636551
37.5284838
126.8960040
37.5264360
126.9086527
37.4937262
126.9367517
37.5183253
126.9225003
37.5120274
126.8992778
37.4938833
126.9904900
37.5325270
127.0042579
37.5338040
126.9291640
37.6027840
126.9044499
37.6042100
126.9238510
37.5940140
126.9161912
37.6334945
126.9197006
37.6208615
126.9692461
37.5818283
126.9677500
37.5684083
126.9669846
37.5673916
126.9828483
37.5880587
126.9888709
37.5651100
127.0151114
37.5645870
127.0925842
37.6063242
127.0978309
37.6132762
128.9569659
35.1803751
128.8533297
35.0905709
129.0921000
35.2430680
129.1040250
35.2145600
129.2435492
35.3214002
129.2223120
35.2444980
129.2164239
35.2359827
129.0849465
35.1360898
129.1091250
35.1104571
129.0501832
35.1310012
129.0453253
35.1292746
129.0590772
35.1408670
129.0802016
35.2042463
129.0798493
35.2113953
129.0208609
35.1455173
129.0596963
35.1461176
129.0498801
35.1578510
129.0765140
35.1698203
129.0583786
35.1469602
129.0147663
35.2393031
129.0112115
35.2119276
129.0047235
35.2097132
128.9912500
35.1526240
129.0081663
35.1505000
129.0065750
35.1533821
128.9595517
35.0941624
127.4308836
36.3109576
129.0174250
35.1201900
129.0139595
35.0809636
129.0111130
35.1127740
129.1106162
35.1500632
129.1135193
35.1624667
129.1131037
35.1608800
129.0797640
35.1762420
129.0678750
35.0911990
129.0405236
35.0922416
129.0438660
35.0919442
129.0323520
35.1062140
129.0324148
35.1076838
129.1786555
35.1641288
129.1556545
35.1614208
129.1820130
35.1734430
128.5820500
35.8481070
128.5679969
35.8436078
128.5915213
35.8539088
128.5744560
35.8396280
128.5327375
35.8298667
128.4801315
35.8538856
128.5413832
35.8506394
128.5541817
35.8331480
128.5516880
35.8368490
128.4403148
35.6947968
128.6244071
35.8842611
128.6512428
35.8881092
128.5888919
35.8918522
128.5492890
35.9348896
128.5591750
35.8717570
128.6119320
35.8449587
128.5833556
35.8778008
126.4847498
37.7372095
126.4859916
37.7360483
126.7343174
37.5322162
126.7368717
37.5324735
126.7377757
37.5374147
126.7314880
37.4473420
126.6458376
37.4817037
126.6259367
37.4830640
126.6430071
37.4616110
126.6774240
37.4610996
126.6807094
37.4622040
126.7248987
37.4848309
126.7199858
37.5068720
126.7536333
37.4767018
126.7242660
37.4988480
126.6836103
37.5424165
126.6797423
37.4891168
126.6699410
37.5097740
126.6710215
37.5924931
126.6543363
37.6027927
126.6738964
37.5444694
126.6704928
37.4079580
126.6709805
37.4187832
126.6892200
37.4185425
126.6367600
37.4466070
124.7210341
37.9680090
126.6321078
37.4712170
126.6291055
37.4772018
126.5309955
37.4936330
126.7936880
35.1395240
126.8453041
35.2211088
126.8331484
35.1979238
126.9118750
35.1366650
126.9024020
35.1330039
126.9233120
35.1459990
126.8976135
35.2028543
126.9121413
35.1733396
126.8557303
35.1325949
126.8902720
35.1519690
127.4264925
36.4471610
127.4395922
36.4473943
127.4285488
36.3683976
127.4548840
36.3121690
127.4358000
36.3482369
127.3810731
36.3671297
127.3426130
36.3066420
127.3819903
36.3552891
127.3354295
36.3580842
127.3249507
36.3751715
127.3950710
36.3080070
127.4104139
36.3360669
127.4201630
36.3230420
129.3231103
35.5462649
129.2688243
35.5528955
129.3052035
35.5315232
129.3363527
35.5453524
129.4166320
35.5048440
129.3590343
35.5828446
129.3607385
35.5835648
129.1207349
35.5600045
129.1137450
35.5583558
129.3020785
35.5534480
129.3503812
35.5694504
127.2964967
36.6057132
127.2659995
36.4951837
127.5105549
37.8335133
127.5213618
37.6911585
126.8310687
37.6578412
126.7760886
37.6560223
126.7758240
37.6844772
126.7504331
37.6743138
126.8064233
37.6763969
126.7930401
37.6454754
126.7800452
37.6819744
126.9876750
37.4292013
126.8713502
37.4736659
126.8784821
37.4557972
127.2507319
37.4164094
127.2602408
37.4109444
127.1450876
37.6046827
127.1324273
37.6012985
126.9473164
37.3586720
126.9336147
37.3594127
126.9251468
37.3330287
126.7107331
37.6323325
126.6602289
37.6409296
126.7227644
37.6237170
127.1712220
37.6105130
127.1894677
37.7105065
127.3006163
37.6579185
127.2043933
37.6823474
127.1798820
37.7154268
127.0516772
37.8966204
126.7809569
37.4942708
126.7960250
37.5283699
126.7629514
37.4986043
126.7924167
37.4871165
126.7912250
37.4810179
127.1247104
37.4110429
127.1705808
37.4421563
127.1217783
37.3882035
127.1254535
37.4102384
127.1440796
37.4443361
127.1391000
37.4450622
127.1290046
37.4398589
127.1619932
37.4528497
126.9712120
37.2588302
127.0697108
37.2568829
127.0101225
37.3039709
127.0125017
37.2714917
127.0476764
37.2793927
126.9963375
37.2918917
127.0274271
37.2779855
127.0344741
37.2781302
126.7281267
37.3369084
126.7894932
37.4445152
126.7245975
37.3529459
126.7847943
37.4453012
126.7401008
37.3466661
126.8152642
37.3210171
126.8450584
37.3015707
126.8249033
37.3185144
126.8076244
37.3340615
126.8741390
37.3167269
127.2603668
37.0173531
127.2709213
37.0062179
127.2698354
37.0001865
126.9520555
37.3929796
126.9329473
37.3858473
126.9620529
37.3917575
126.9243940
37.3935234
127.0458470
37.7853290
127.4867157
37.4969563
127.5035413
37.4938653
127.6253003
37.3014840
127.6404233
37.2945654
127.0609770
38.0234715
127.0779761
37.1593302
127.0752770
37.1413334
127.1066800
37.2726604
127.0977799
37.3222422
127.1115072
37.2737515
127.1774916
37.2412522
127.2114648
37.2314883
127.1482641
37.2707922
127.2145364
37.2403912
126.9720917
37.3437470
126.9767992
37.3502814
127.0425004
37.7411610
127.0395870
37.7361922
127.0777625
37.7587045
127.0451394
37.7497330
127.0622375
37.7453263
127.4325729
37.2827618
127.4523490
37.2889810
126.7739289
37.7563418
126.7801503
37.7550649
126.7748346
37.7579969
127.1204114
36.9906277
127.0890776
36.9930388
127.0743384
37.0084078
127.1119717
36.9908174
127.0570030
37.0482560
127.0664500
37.0656917
127.2012579
37.9008669
127.1982800
37.9033163
127.1387637
37.8233306
127.2148742
37.5393014
126.9108361
37.1312957
127.0864232
37.1768036
127.0784014
37.2070305
127.0801288
37.2166284
127.0079849
37.2101716
126.8257097
37.1992313
128.8578411
37.8184325
128.9073500
37.7743500
128.8998047
37.7590068
128.8828318
37.7428004
128.4721577
38.3777020
129.1170347
37.5228115
129.1074625
37.5299417
129.1060780
37.5321225
129.1638017
37.4403018
129.1721897
37.4437682
128.5759575
38.1961315
128.5892485
38.2164607
128.5783901
38.1980014
127.9901019
38.1098021
127.9911515
38.1046882
128.6274095
38.0778261
128.4652388
37.1864525
128.4634872
37.1841591
127.9456639
37.3490013
127.9467947
37.3515850
127.9492250
37.3326080
128.1686230
38.0633550
128.6587349
37.3830727
128.6714860
37.3800927
127.3029437
38.1482623
127.3079502
38.1504492
127.7399592
37.8840791
127.7202408
37.8755690
128.9923500
37.1767263
129.0043366
37.1040964
128.3907514
37.3689437
127.8948538
37.6908303
127.8772807
37.6902033
127.7091441
38.1076020
127.9799525
37.4784679
127.9844381
37.4871568
127.7966873
36.8079973
127.7841803
36.8156252
128.3503063
36.9816139
128.3687759
36.9871156
127.7181180
36.4832229
127.7161727
36.4864382
127.7808937
36.1852368
127.7759673
36.1684963
127.5720868
36.3134813
127.5701019
36.3045038
127.6888348
36.9288250
127.5986293
36.9974858
128.2062355
37.1386110
128.2155749
37.1490590
128.2339510
37.1634681
127.5867135
36.7743802
127.4404044
36.8585629
127.4396582
36.8606303
127.5058973
36.5882551
127.4965380
36.6195070
127.4953372
36.6244786
127.4694880
36.6376900
127.4730326
36.6402026
127.4856059
36.6735360
127.4305867
36.7104121
127.4264900
36.6301698
127.4308627
36.6235047
127.3216409
36.6364294
127.9280544
36.9708624
127.9706116
36.9796506
127.9288169
36.9789801
127.2500595
36.2730596
127.1094762
36.4589870
127.1206564
36.4571174
127.4961495
36.1040385
127.4916269
36.1121660
127.0944739
36.1921930
127.1035648
36.1960773
126.6843802
36.9044521
126.6304535
36.8873474
126.6021041
36.3243627
126.6228522
36.3811282
126.9017016
36.2755745
126.9093539
36.2830643
126.9108250
36.2796000
126.4652578
36.7755835
126.4445670
36.7744661
126.6876024
36.0845200
126.6897145
36.0823766
127.0198062
36.7792648
127.0146097
36.7825669
127.0009756
36.7831143
126.8379717
36.6910744
126.8447382
36.6808995
127.1512772
36.8074549
127.1138920
36.8151470
127.1358588
36.8027381
127.1315016
36.7974023
127.1791797
36.7756271
127.1557598
36.7809945
126.8049391
36.4550203
126.3231965
36.7518776
126.6744130
36.5993490
126.6630687
36.5966864
126.6832454
35.4437619
126.6933531
35.4364278
126.7201362
35.9647008
126.7117407
35.9549526
126.7372167
35.9773474
126.8833034
35.8008417
127.4073171
35.4318756
127.3643431
35.3976471
127.6716938
36.0058715
126.7355358
35.7228091
126.7344047
35.7248858
127.1436250
35.3671052
127.0926430
35.9212456
126.9665159
35.9616504
126.9664154
35.9610203
127.2869436
35.6125122
127.5200198
35.6545099
127.1332292
35.8143917
127.1533991
35.8459811
127.1248117
35.8152449
127.1343620
35.8294000
127.1479135
35.8654628
126.8234125
35.5888321
126.8545580
35.5779871
127.4347732
35.7973094
127.4320459
35.7953017
126.7578654
34.6368113
126.7753801
34.6380187
127.2939625
34.6210654
127.2692335
34.5919954
127.1457000
34.5462583
127.2879457
35.2762820
127.2968785
35.2788368
127.6969657
34.9361846
127.5822458
34.9807918
127.4639375
35.2159096
127.4614761
35.2162287
126.7213975
35.0363159
126.7082291
34.9952373
126.9825737
35.3152982
126.9812482
35.3250255
126.4164223
34.8092997
126.4206000
34.8045333
126.4210250
34.8213917
126.4053627
34.8039839
126.3802331
34.8168192
126.3756780
34.8104274
126.3737287
34.8044198
126.4893985
34.9916302
126.4817117
34.9904886
127.1045625
34.7758583
127.0790418
34.7702225
127.3456593
34.8338452
127.4860781
34.9665878
127.5437074
34.9647334
127.4834682
34.9579098
126.3511240
34.8336260
125.9326075
34.7222702
127.6543239
34.7691121
127.6604011
34.7593213
127.7280180
34.7450673
127.6749639
34.7612841
127.6634937
34.7661014
126.4989779
35.2844615
126.5108770
35.2749380
126.5041643
35.2746826
126.7011016
34.7942935
126.7038125
34.7947083
126.7355750
34.3171667
126.7313231
34.3358139
126.7835665
35.3058681
126.7824572
35.3045386
126.9109162
34.6771315
126.9083724
34.6764798
126.2640944
34.4824205
126.2628932
34.4804147
126.5198750
35.0619250
126.5242496
35.0618974
126.6127915
34.5717972
126.6465633
34.5842521
126.6120168
34.5705036
127.0025000
35.0594333
126.9820133
35.0571306
128.7371689
35.8263331
128.7401000
35.8086667
128.7432823
35.8251125
129.2246180
35.8595247
128.2648138
35.7252352
128.2721568
35.7299781
128.3827377
36.1029182
128.3405414
36.1145325
128.3459537
36.1399351
128.5699046
36.2296600
128.1264391
36.1227232
128.1187923
36.1354003
128.1128600
36.1395345
128.1441142
36.1174420
128.1892250
36.5844400
128.1990743
36.5959618
128.1978628
36.5960235
128.7417336
36.8907179
128.7334719
36.8916343
128.1597250
36.4203096
128.1498196
36.4166063
128.1555556
36.4146221
128.2790553
35.9170770
128.7302563
36.5669969
128.7010976
36.5467408
128.7228172
36.5672423
129.4023435
36.5236797
129.3734385
36.4136036
129.1180640
36.6619459
128.6216500
36.8061333
128.6040043
36.8252568
128.9132120
35.9572850
128.9323923
35.9685073
128.4529779
36.6576983
128.4589420
36.6574115
130.8995259
37.4858819
129.4095737
36.9926961
128.6842120
36.3675172
128.6946955
36.3544615
128.7381579
35.6543420
129.0518041
36.4311317
129.0561685
36.5446666
128.4186406
35.9907080
129.3804375
36.0706618
129.3962244
35.9924410
129.3622256
36.0177172
129.3399527
36.0159003
128.6261659
34.8736095
128.7220923
34.8719577
128.6366747
34.8918961
128.6436423
34.8977185
127.9087378
35.6867599
127.8987277
35.6809354
128.3154029
34.9695738
128.8570753
35.2307339
128.8615328
35.2623214
128.8056169
35.2086652
128.8713840
35.2323329
127.8942506
34.8464281
127.8986035
34.8447959
128.7556256
35.4846367
128.7560612
35.4856701
128.0804186
34.9332698
128.0639130
35.0034681
128.0795920
34.9375065
127.8842020
35.4160951
129.0057274
35.3281501
129.0436024
35.3532708
129.1645729
35.4064091
129.0249754
35.3357390
128.2586500
35.3185917
128.2547555
35.3178289
128.0902544
35.1794723
128.0920865
35.1784916
128.0882554
35.1918013
128.0693674
35.1853748
128.0929554
35.1744787
128.1286241
35.1669658
128.1219261
35.2137978
128.4933080
35.5421488
128.4899850
35.5437663
128.6855974
35.2277506
128.5616013
35.1863148
128.5628989
35.1824014
128.7101610
35.1314348
128.6981494
35.1549332
128.6610389
35.1496500
128.5920245
35.2428774
128.5655967
35.1992371
128.7078463
35.1990873
128.6865915
35.2212186
128.6459130
35.2372930
128.4198871
34.8423835
128.4320074
34.8598162
127.7385792
35.0830571
127.7527475
35.0671663
128.5156027
35.3089491
128.4102677
35.2757587
127.7292130
35.5204670
127.7317814
35.5196763
128.1568451
35.5679048
126.5639216
33.2555355
126.5654013
33.2545270
126.4850403
33.4899610
126.5461481
33.4963547
126.5170620
33.5002330
126.4704807
33.4923212
126.5202549
33.4916029
126.2695384
33.4120977
126.7512344
33.5543864
126.5553395
33.2534887
126.7033574
33.2757137
126.2532693
33.2186878
